760 351
757 354
760 357
756 357
754 361
760 369
765 372
781 370
786 376
799 382
810 385
813 381
817 381
823 382
831 382
825 385
840 385
837 384
838 390
841 390
834 390
831 391
820 393
819 393
811 390
802 381
796 385
795 376
781 373
774 369
765 367
760 363
753 363
754 361
732 363
736 357
730 367
730 367
726 373
721 369
714 372
708 372
717 370
712 369
702 364
702 369
702 369
700 370
699 367
696 370
694 378
696 379
691 388
691 396
691 406
687 406
690 409
688 418
687 424
681 426
681 427
675 426
670 421
676 427
675 412
663 412
666 414
649 412
646 415
642 420
633 418
619 420
616 424
607 429
604 427
601 432
594 435
594 433
594 436
588 436
588 444
594 441
595 441
597 439
595 432
600 426
604 423
625 420
649 420
657 417
661 414
673 423
685 426
706 433
726 451
735 457
745 466
756 471
759 480
762 478
765 487
775 487
786 501
781 504
786 496
790 498
792 492
799 486
799 481
798 477
795 469
796 463
796 460
787 448
787 442
784 438
787 439
789 438
792 442
793 444
807 436
802 438
811 438
813 441
822 441
825 430
838 423
838 423
844 412
847 411
853 408
867 408
870 408
873 408
882 408
901 411
913 418
933 432
942 438
960 444
969 435
982 430
994 426
1008 429
1009 430
