440 215
444 219
442 216
437 218
438 218
443 215
437 216
438 215
434 216
435 215
437 216
435 218
437 217
436 220
439 219
440 219
440 218
439 220
440 218
442 215
440 215
439 215
434 217
438 220
443 218
441 218
442 217
439 218
438 217
440 222
440 218
440 219
440 218
440 218
441 215
446 217
445 214
446 215
451 211
447 213
447 210
449 213
444 212
447 212
447 208
449 211
453 206
447 209
452 205
453 205
451 205
456 202
452 202
455 200
453 200
451 201
452 200
452 200
456 196
452 196
453 196
451 197
453 195
456 196
456 192
455 192
454 194
455 190
459 191
457 191
457 189
454 188
450 189
452 188
453 184
453 185
454 182
448 186
446 184
445 183
444 183
448 181
449 178
441 183
444 183
447 180
448 180
450 178
449 179
450 177
449 176
444 178
448 174
451 174
448 173
445 174
450 173
448 172
453 170
451 168
448 171
454 168
454 166
452 168
454 168
453 165
453 166
454 166
455 165
451 163
450 165
452 164
454 163
453 163
452 164
450 162
449 161
457 161
456 161
454 160
454 160
453 161
450 158
448 159
447 159
452 161
451 158
449 160
452 158
451 158
447 159
452 156
452 157
453 156
447 154
448 155
445 156
445 156
445 155
443 153
443 156
440 156
443 154
446 151
444 154
443 152
448 150
439 156
445 152
445 150
445 149
440 149
443 148
441 148
441 149
441 148
447 148
441 149
438 144
440 147
441 147
436 148
440 148
440 145
440 145
441 146
441 142
441 142
439 143
439 144
434 143
433 144
430 140
433 142
428 142
427 143
430 142
431 138
428 142
429 140
428 141
425 143
426 140
421 142
418 141
418 144
420 145
423 143
422 144
420 143
419 146
418 141
416 143
414 146
414 146
414 145
412 150
414 148
414 151
411 149
407 152
409 150
403 153
403 155
402 157
404 156
403 156
405 155
402 157
403 158
400 160
400 160
394 163
396 161
395 167
399 164
396 169
395 166
394 169
391 171
391 171
390 171
390 176
385 176
386 177
385 176
384 179
380 183
379 182
372 185
372 185
375 187
373 188
374 189
371 192
371 192
375 190
364 195
364 197
362 197
363 198
365 199
364 201
362 202
368 203
370 202
362 203
361 206
361 208
359 210
355 209
355 209
360 211
359 209
355 212
353 215
353 215
352 216
352 217
350 219
349 220
349 220
348 221
350 221
350 220
349 222
348 222
346 223
348 222
349 224
348 223
349 225
350 225
349 226
346 226
345 227
345 228
347 228
350 227
349 229
342 229
344 231
345 229
344 228
343 229
340 230
337 231
338 232
337 231
337 232
337 231
332 233
335 232
337 234
335 231
337 232
335 234
335 233
336 235
336 234
335 234
332 231
330 232
330 231
329 228
331 229
331 227
329 229
329 227
333 226
329 224
334 225
327 226
325 226
327 227
329 227
326 224
327 225
327 223
327 223
326 224
326 222
327 223
326 224
324 223
326 224
327 223
327 221
326 221
328 222
325 221
326 219
326 220
327 220
321 219
320 219
321 219
319 220
320 219
319 218
318 217
321 219
321 218
321 219
322 217
319 217
319 216
320 215
322 214
321 213
318 215
318 213
321 214
319 212
320 212
317 211
317 212
315 212
316 210
315 211
314 210
316 209
316 208
316 208
316 208
315 207
314 206
313 204
311 206
311 210
312 206
312 204
309 207
310 204
310 204
308 204
307 206
305 202
304 202
305 202
307 201
304 201
302 200
302 198
305 198
305 197
305 197
304 198
303 198
303 198
301 197
302 196
300 196
301 195
300 195
300 196
300 194
300 195
300 194
299 193
300 193
300 193
298 191
297 192
299 191
295 192
294 192
297 190
293 191
297 188
297 189
300 188
293 190
299 188
291 190
295 191
299 191
297 189
295 188
295 188
295 187
293 186
294 188
295 190
296 189
295 189
296 190
298 189
296 189
299 189
299 187
301 189
300 186
298 188
298 189
297 188
293 186
295 187
294 188
296 188
299 185
301 187
296 186
295 189
296 189
298 190
294 188
298 187
298 185
296 183
299 186
295 185
291 189
287 189
290 188
293 190
293 185
289 186
288 187
290 188
290 186
287 189
287 187
288 187
289 188
291 187
291 187
292 187
289 189
287 187
289 186
288 189
288 187
294 186
286 188
289 185
292 187
282 188
287 189
282 187
287 186
287 187
283 187
286 188
289 185
291 186
284 187
289 187
284 187
287 187
285 186
282 187
283 189
284 191
283 191
281 192
283 189
284 189
283 191
283 190
276 192
277 193
276 194
272 192
277 193
273 189
274 188
274 190
273 191
274 188
271 194
271 195
270 197
273 192
275 192
276 194
276 194
279 193
279 197
279 196
278 198
281 197
283 197
279 199
279 200
279 198
283 196
285 199
287 198
279 200
277 199
278 199
280 200
284 202
284 201
286 201
284 201
285 200
286 197
284 201
282 202
281 199
285 200
285 199
287 200
290 197
289 198
286 198
287 199
281 197
281 199
285 199
286 197
286 196
286 197
284 195
286 196
290 194
290 194
289 192
289 191
287 192
285 194
285 191
294 189
288 188
291 188
290 186
288 187
287 186
290 184
290 183
291 184
291 182
292 182
293 184
288 181
292 179
292 176
290 177
290 175
292 177
293 175
300 177
297 176
288 177
285 173
282 179
287 171
293 169
286 170
287 171
290 168
284 168
292 167
285 164
286 165
291 164
290 161
291 159
289 157
286 159
285 157
288 158
288 155
288 158
290 157
288 156
293 155
289 156
294 154
287 154
294 153
294 159
